1.000000 0.000000 0.000000 0.000000 0.000000 
0.690604 0.309396 0.000000 0.000000 0.000000 
0.000000 0.757421 0.242579 0.000000 0.000000 
0.000000 0.000000 0.904826 0.095174 0.000000 
0.000000 0.000000 0.000000 0.872568 0.127432 
0.000000 0.000000 0.000000 0.000000 1.000000 
1.000000e-015 1.000000e-015 7.908160e-003 2.093626e-002 1.000000e-015 5.936213e-002 1.000000e-015 5.130885e-002 1.000000e-015 1.000000e-015 1.000000e-015 4.252288e-002 1.000000e-015 1.000000e-015 1.000000e-015 1.717747e-001 1.000000e-015 1.000000e-015 1.000000e-015 1.755035e-002 1.000000e-015 1.244502e-001 1.000000e-015 7.056935e-002 1.000000e-015 1.000000e-015 1.000000e-015 1.000000e-015 1.000000e-015 1.000000e-015 1.000000e-015 4.336171e-001 
1.000000e-015 1.000000e-015 1.000000e-015 3.333333e-002 1.000000e-015 7.186272e-002 1.000000e-015 2.390717e-003 1.000000e-015 1.000000e-015 1.000000e-015 1.343042e-002 1.111111e-002 1.000000e-015 1.000000e-015 1.472725e-001 1.000000e-015 1.000000e-015 1.000000e-015 1.111111e-002 1.000000e-015 7.611959e-002 1.000000e-015 1.256880e-001 1.000000e-015 1.000000e-015 1.000000e-015 8.385284e-003 1.000000e-015 1.111111e-002 1.000000e-015 4.881841e-001 
1.000000e-015 2.596551e-002 1.000000e-015 1.000000e-015 1.000000e-015 1.782651e-002 1.000000e-015 2.474836e-003 1.000000e-015 1.000000e-015 1.000000e-015 5.604155e-002 1.000000e-015 1.787929e-002 5.203186e-011 1.506327e-001 1.000000e-015 1.000000e-015 1.000000e-015 3.593575e-003 1.000000e-015 7.231548e-002 1.000000e-015 6.500671e-002 3.593575e-003 1.000000e-015 1.000000e-015 1.000000e-015 3.333333e-002 1.538462e-002 1.794872e-002 5.180036e-001 
1.466743e-002 4.821137e-003 6.060645e-003 1.447766e-002 1.000000e-015 4.117098e-002 1.449275e-003 1.941333e-002 1.000000e-015 2.535637e-002 2.898551e-003 6.008019e-002 4.193739e-002 4.792950e-002 2.911437e-003 1.401841e-001 5.161941e-003 1.000000e-015 3.030322e-003 1.113114e-002 1.000000e-015 6.796689e-002 1.000000e-015 3.875888e-002 2.195345e-002 3.214092e-003 1.205091e-002 2.019937e-002 7.127719e-003 7.219494e-002 2.750000e-002 2.863524e-001 
1.886884e-002 5.515711e-002 1.212782e-003 7.573210e-003 1.000000e-015 2.581924e-002 3.417010e-003 4.171655e-003 3.060226e-003 4.369635e-002 5.113526e-003 2.424317e-002 3.813124e-003 1.768063e-002 9.999877e-003 1.064243e-001 2.198293e-003 3.257144e-002 6.228958e-004 1.099596e-002 5.141850e-003 5.203710e-002 1.356258e-002 5.071180e-002 2.084656e-003 1.137682e-002 2.085328e-002 9.390151e-003 7.151051e-003 4.508637e-002 5.140683e-002 3.545579e-001 
1.000000 0.000000 0.000000 0.000000 0.000000 
0.723882 0.276118 0.000000 0.000000 0.000000 
0.000000 0.774261 0.225739 0.000000 0.000000 
0.000000 0.000000 0.886743 0.113257 0.000000 
0.000000 0.000000 0.000000 0.915989 0.084011 
0.000000 0.000000 0.000000 0.000000 1.000000 
1.000000e-015 1.000000e-015 2.500000e-002 9.707819e-002 1.000000e-015 1.208044e-001 2.803073e-003 8.490193e-002 1.000000e-015 1.000000e-015 1.000000e-015 1.335470e-001 1.000000e-015 1.000000e-015 1.000000e-015 1.085263e-001 1.000000e-015 1.111111e-002 1.000000e-015 3.847325e-002 1.000000e-015 2.111695e-001 1.000000e-015 9.905777e-002 1.000000e-015 1.000000e-015 1.000000e-015 1.666667e-002 4.526212e-003 1.000000e-015 1.000000e-015 4.633462e-002 
1.000000e-015 1.000000e-015 1.000000e-015 3.327904e-002 1.000000e-015 1.147472e-001 7.746022e-003 8.598543e-002 1.000000e-015 1.000000e-015 1.000000e-015 5.946119e-002 4.000000e-002 6.666667e-003 1.000000e-015 3.115947e-001 4.264552e-003 1.000000e-015 1.000000e-015 3.073304e-002 1.000000e-015 1.640595e-001 1.000000e-015 1.095823e-001 1.000000e-015 1.000000e-015 1.000000e-015 1.000000e-015 1.732872e-002 1.000000e-015 1.000000e-015 1.455167e-002 
1.851852e-002 1.111111e-002 1.000000e-015 3.404461e-002 1.000000e-015 1.217023e-001 1.000000e-015 7.185281e-002 1.000000e-015 3.703703e-003 1.000000e-015 1.030990e-001 1.000000e-015 1.000000e-015 1.000000e-015 2.476332e-001 1.000000e-015 1.000000e-015 1.000000e-015 1.526925e-002 1.000000e-015 2.023777e-001 1.000000e-015 8.921936e-002 1.000000e-015 1.000000e-015 1.000000e-015 1.000000e-015 1.000000e-015 1.000000e-015 1.000000e-015 8.146851e-002 
4.019929e-002 4.864706e-002 3.239500e-003 2.578569e-002 1.000000e-015 8.620114e-002 3.061408e-003 4.948003e-002 3.125343e-002 1.000000e-015 1.000000e-015 1.117265e-001 8.673134e-003 1.000000e-015 1.608397e-002 1.547358e-001 5.106977e-002 2.564103e-003 1.613811e-003 2.021761e-002 1.000000e-015 7.932636e-002 1.632226e-002 1.088532e-001 1.656433e-002 1.000000e-015 1.000000e-015 3.223731e-002 4.219855e-002 1.000000e-015 1.000000e-015 4.994573e-002 
4.113119e-002 1.195807e-002 1.000000e-015 4.136474e-002 1.000000e-015 8.017678e-002 2.450772e-002 7.211019e-002 7.195629e-003 3.248021e-003 1.000000e-015 7.985072e-002 3.003003e-004 1.396094e-002 9.999290e-003 1.827641e-001 1.554602e-002 2.084971e-003 1.000000e-015 3.527384e-002 1.000000e-015 1.366140e-001 9.128874e-003 1.024929e-001 8.105679e-003 1.160073e-003 4.605849e-003 6.866885e-002 5.384662e-003 5.844013e-004 1.000000e-015 4.178225e-002 
1.000000 0.000000 0.000000 0.000000 0.000000 
0.643167 0.356833 0.000000 0.000000 0.000000 
0.000000 0.844192 0.155808 0.000000 0.000000 
0.000000 0.000000 0.853942 0.146058 0.000000 
0.000000 0.000000 0.000000 0.940602 0.059398 
0.000000 0.000000 0.000000 0.000000 1.000000 
7.101383e-003 1.666667e-002 6.029603e-003 2.590945e-002 1.000000e-015 1.853536e-001 1.000000e-015 6.321747e-002 1.000000e-015 1.000000e-015 1.000000e-015 1.469064e-001 1.000000e-015 1.524452e-002 7.101383e-003 1.445008e-001 1.000000e-015 1.666667e-002 1.000000e-015 5.101062e-003 1.000000e-015 1.821899e-001 1.000000e-015 6.052235e-002 1.000000e-015 1.000000e-015 1.000000e-015 1.000000e-015 1.000000e-015 1.000000e-015 1.000000e-015 1.174888e-001 
2.186961e-003 1.552029e-002 1.000000e-015 4.605974e-002 1.000000e-015 1.446934e-001 1.000000e-015 3.339162e-002 1.000000e-015 1.000000e-015 1.000000e-015 5.510481e-002 1.000000e-015 9.241626e-003 1.000000e-015 1.487713e-001 1.000000e-015 1.000000e-015 1.000000e-015 2.187687e-002 1.000000e-015 2.097636e-001 1.000000e-015 1.602226e-001 1.000000e-015 1.000000e-015 1.000000e-015 1.000000e-015 4.082888e-004 1.000000e-015 1.000000e-015 1.527589e-001 
1.000000e-015 1.242900e-003 1.000000e-015 2.171648e-002 1.000000e-015 1.883751e-001 1.000000e-015 1.342282e-002 1.000000e-015 1.375660e-002 1.000000e-015 5.559454e-002 1.691287e-002 1.000000e-015 1.000000e-015 1.733474e-001 1.000000e-015 1.000000e-015 1.000000e-015 1.910923e-002 1.000000e-015 1.744226e-001 1.000000e-015 1.824489e-001 1.000000e-015 4.585535e-003 1.000000e-015 3.398090e-003 6.710641e-003 1.000000e-015 1.000000e-015 1.249563e-001 
1.000000e-015 1.000000e-015 4.137735e-003 2.775729e-002 1.000000e-015 1.203568e-001 1.282974e-003 2.832784e-002 2.423168e-002 1.384721e-002 7.444082e-003 6.428939e-002 1.300746e-002 1.765787e-003 2.227611e-003 1.112657e-001 8.780922e-003 2.227518e-003 1.000000e-015 2.075150e-002 3.343388e-003 1.294970e-001 1.000000e-015 1.366411e-001 1.000000e-015 9.404239e-002 1.000000e-015 1.000000e-015 2.999650e-002 1.321443e-002 2.227611e-003 1.393361e-001 
1.928416e-003 1.810503e-003 9.213303e-004 1.315689e-002 1.000000e-015 9.844729e-002 1.738436e-002 5.479584e-002 6.822868e-003 3.363583e-003 3.086420e-004 4.209780e-002 9.375486e-003 1.303972e-002 2.840823e-003 1.080703e-001 5.941159e-003 3.156953e-003 2.727711e-004 2.899052e-002 1.000000e-015 1.350033e-001 1.590109e-003 1.600505e-001 6.128959e-004 1.037339e-001 5.255944e-003 6.411856e-002 4.135231e-003 3.717208e-003 3.086420e-004 1.087485e-001 
1.000000 0.000000 0.000000 0.000000 0.000000 
0.668513 0.331487 0.000000 0.000000 0.000000 
0.000000 0.824037 0.175963 0.000000 0.000000 
0.000000 0.000000 0.838182 0.161818 0.000000 
0.000000 0.000000 0.000000 0.927212 0.072788 
0.000000 0.000000 0.000000 0.000000 1.000000 
1.000000e-015 1.943635e-002 1.111111e-002 8.406901e-002 1.110301e-002 1.107597e-001 1.000000e-015 9.995783e-002 1.000000e-015 1.000000e-015 1.000000e-015 8.423632e-002 2.428921e-005 1.000000e-015 1.000000e-015 1.546581e-001 1.000000e-015 1.000000e-015 1.000000e-015 8.396567e-002 1.000000e-015 9.922876e-002 1.000000e-015 2.020559e-001 1.000000e-015 1.000000e-015 1.000000e-015 1.000000e-015 1.000000e-015 1.000000e-015 1.000000e-015 3.939394e-002 
1.000000e-015 4.943769e-003 1.000000e-015 3.931899e-002 1.000000e-015 1.172819e-001 1.000000e-015 9.076632e-002 1.000000e-015 1.000000e-015 1.000000e-015 8.150279e-002 1.371651e-002 6.666654e-003 1.000000e-015 1.624750e-001 1.000000e-015 1.000000e-015 1.000000e-015 5.419510e-002 1.000000e-015 7.179804e-002 1.000000e-015 1.959359e-001 1.000000e-015 1.000000e-015 1.000000e-015 1.999996e-002 2.152508e-002 1.317351e-002 1.000000e-015 1.067005e-001 
1.000000e-015 1.000000e-015 2.949275e-003 7.967136e-002 7.152277e-003 1.513247e-001 1.000000e-015 7.044707e-002 1.000000e-015 1.000000e-015 6.256766e-003 1.169197e-001 1.000000e-015 8.624812e-003 1.000000e-015 8.688933e-002 1.000000e-015 1.000000e-015 1.000000e-015 7.235422e-002 3.377514e-003 6.542492e-002 1.000000e-015 1.885712e-001 7.152277e-003 1.000000e-015 1.030725e-002 7.152277e-003 5.392005e-003 1.052979e-002 1.000000e-015 9.950314e-002 
7.662948e-003 1.000000e-015 7.249600e-004 4.669487e-002 2.037466e-002 1.113852e-001 3.889096e-002 4.898472e-002 9.929110e-003 9.785864e-003 2.549962e-002 5.736850e-002 6.583177e-003 5.671311e-003 1.686005e-002 9.032522e-002 1.000000e-015 1.000000e-015 4.530547e-003 3.806040e-002 1.695019e-002 5.501622e-002 4.728445e-002 1.493544e-001 1.728603e-002 2.253732e-003 2.189695e-002 1.698501e-002 3.264007e-002 2.960568e-002 3.193199e-002 3.946315e-002 
1.000000e-015 1.000000e-015 2.517368e-003 2.940571e-002 1.548746e-003 9.882714e-002 8.602630e-002 5.227622e-002 3.325476e-004 9.196353e-004 1.415401e-002 7.931400e-002 2.161434e-003 1.945853e-002 2.623020e-003 1.032122e-001 4.166669e-003 1.000000e-015 9.936982e-004 5.009123e-002 3.395371e-003 7.781891e-002 8.491989e-002 1.549900e-001 1.228386e-003 1.000000e-015 1.188293e-002 2.138431e-002 6.977123e-003 2.560442e-003 2.773259e-002 5.908154e-002 
1.000000 0.000000 0.000000 0.000000 0.000000 
0.625986 0.374014 0.000000 0.000000 0.000000 
0.000000 0.780917 0.219083 0.000000 0.000000 
0.000000 0.000000 0.879169 0.120831 0.000000 
0.000000 0.000000 0.000000 0.931901 0.068099 
0.000000 0.000000 0.000000 0.000000 1.000000 
1.000000e-015 1.000000e-015 6.666667e-003 3.769382e-002 1.000000e-015 9.325912e-002 1.000000e-015 1.032374e-001 1.000000e-015 1.000000e-015 1.000000e-015 2.188686e-001 8.331724e-003 4.557263e-003 1.000000e-015 9.456993e-002 1.000000e-015 6.666667e-003 1.000000e-015 1.114710e-001 1.000000e-015 1.010107e-001 1.000000e-015 1.742616e-001 1.000000e-015 1.000000e-015 1.000000e-015 1.447516e-002 4.166667e-003 1.000000e-015 1.000000e-015 2.076379e-002 
1.000000e-015 1.000000e-015 1.000000e-015 6.442004e-002 1.000000e-015 1.812327e-001 1.000000e-015 9.417071e-002 1.000000e-015 1.000000e-015 1.000000e-015 1.130984e-001 1.960208e-006 5.038459e-003 6.666970e-003 1.636314e-001 6.666970e-003 1.071904e-013 1.000000e-015 3.264842e-002 1.000000e-015 1.678063e-001 1.000000e-015 8.910488e-002 1.000000e-015 1.000000e-015 1.000000e-015 1.000000e-015 3.787888e-003 1.919814e-002 1.000000e-015 5.252672e-002 
1.000000e-015 1.000000e-015 6.060606e-003 7.111705e-002 1.000000e-015 1.293339e-001 1.000000e-015 8.836660e-002 2.083256e-003 1.000000e-015 1.000000e-015 1.042518e-001 2.751053e-003 2.732681e-003 9.667623e-003 1.340144e-001 4.318692e-015 1.000000e-015 9.090909e-003 9.996066e-002 1.000000e-015 1.118547e-001 1.000000e-015 1.205079e-001 1.000000e-015 1.000000e-015 1.000000e-015 9.667623e-003 1.818182e-002 1.000000e-015 1.000000e-015 8.035754e-002 
6.323405e-003 1.066739e-002 1.532287e-001 3.332653e-002 1.856950e-003 1.044742e-001 4.604151e-002 6.141114e-002 3.030303e-003 9.423374e-003 9.849286e-003 9.075060e-002 1.039872e-003 4.041066e-003 4.752701e-003 7.702003e-002 3.735722e-002 5.357335e-002 2.525942e-002 4.422625e-002 3.402532e-003 4.337031e-002 1.000000e-015 9.623627e-002 1.000000e-015 1.856950e-003 1.000000e-015 5.504551e-003 1.678227e-002 1.000000e-015 1.000000e-015 5.519379e-002 
1.000000e-015 2.349333e-002 3.430846e-002 6.567155e-002 1.000000e-015 1.158888e-001 2.586758e-003 8.411950e-002 1.000000e-015 1.112083e-002 2.374854e-003 8.940737e-002 9.802250e-003 7.459636e-003 1.000000e-015 1.221786e-001 1.000000e-015 1.437893e-001 2.033372e-003 5.499729e-002 2.714692e-004 8.119772e-002 1.000000e-015 9.831587e-002 1.000000e-015 2.404347e-003 1.000000e-015 1.203898e-003 1.173223e-003 6.349206e-004 1.000000e-015 4.556665e-002 
1.000000 0.000000 0.000000 0.000000 0.000000 
0.712205 0.287795 0.000000 0.000000 0.000000 
0.000000 0.819539 0.180461 0.000000 0.000000 
0.000000 0.000000 0.884984 0.115016 0.000000 
0.000000 0.000000 0.000000 0.918947 0.081053 
0.000000 0.000000 0.000000 0.000000 1.000000 
1.000000e-015 1.000000e-015 6.666667e-003 1.221359e-001 1.000000e-015 1.100257e-001 1.000000e-015 1.246622e-001 1.000000e-015 1.000000e-015 6.666667e-003 1.692645e-001 1.000000e-015 1.666667e-002 1.000000e-015 1.020883e-001 1.000000e-015 1.000000e-015 1.000000e-015 1.080976e-001 1.000000e-015 4.213896e-002 1.000000e-015 1.298647e-001 1.000000e-015 1.000000e-015 1.000000e-015 2.560465e-002 1.000000e-015 1.000000e-015 1.000000e-015 3.611743e-002 
1.000000e-015 9.523841e-003 1.000000e-015 3.614762e-002 1.000000e-015 1.441170e-001 1.000000e-015 1.435975e-001 1.000000e-015 1.000000e-015 1.000000e-015 5.179265e-002 9.523841e-003 2.777778e-002 1.000000e-015 1.987903e-001 1.000000e-015 1.000000e-015 1.000000e-015 1.082388e-001 1.000000e-015 4.526849e-002 1.000000e-015 1.953987e-001 1.000000e-015 1.000000e-015 1.000000e-015 1.000000e-015 6.200369e-003 1.000000e-015 1.000000e-015 2.362302e-002 
1.000000e-015 6.342001e-003 1.000000e-015 9.672065e-002 1.000000e-015 1.277721e-001 1.000000e-015 1.097254e-001 1.000000e-015 1.000000e-015 1.000000e-015 1.802174e-001 1.000000e-015 1.000000e-015 1.000000e-015 9.402257e-002 1.536826e-003 1.000000e-015 1.000000e-015 9.280948e-002 1.000000e-015 5.222075e-002 1.000000e-015 1.465101e-001 1.000000e-015 1.000000e-015 1.000000e-015 2.694603e-002 2.505604e-002 1.000000e-015 1.000000e-015 4.012072e-002 
2.860943e-002 4.998042e-002 3.161468e-002 4.424086e-002 7.966395e-003 5.218919e-002 9.383660e-003 7.172158e-002 2.007961e-002 5.529121e-003 2.831170e-002 7.386857e-002 9.449028e-003 1.000000e-015 6.574284e-003 7.401791e-002 3.969293e-003 1.000000e-015 1.380790e-001 6.050690e-002 1.000000e-015 2.153126e-002 1.000000e-015 1.040193e-001 2.428726e-002 1.000000e-015 9.072579e-003 1.302162e-002 8.923470e-002 1.000000e-015 1.000000e-015 2.274168e-002 
2.880058e-002 4.087756e-002 1.707158e-003 6.182168e-002 1.135050e-003 8.427072e-002 3.633630e-003 9.853528e-002 3.109258e-002 1.956907e-002 3.037804e-003 8.397258e-002 6.647881e-003 5.732943e-002 3.067599e-002 5.999445e-002 5.954023e-004 2.774128e-003 1.941477e-002 1.177852e-001 1.510048e-003 2.402640e-002 1.000000e-015 1.534239e-001 3.854883e-003 1.000000e-015 1.545776e-002 1.875532e-002 1.077476e-002 5.601795e-003 2.358285e-003 1.056588e-002 
1.000000 0.000000 0.000000 0.000000 0.000000 
0.756674 0.243326 0.000000 0.000000 0.000000 
0.000000 0.773991 0.226009 0.000000 0.000000 
0.000000 0.000000 0.866505 0.133495 0.000000 
0.000000 0.000000 0.000000 0.924196 0.075804 
0.000000 0.000000 0.000000 0.000000 1.000000 
1.000000e-015 4.787016e-003 9.398253e-003 2.291581e-001 1.000000e-015 1.403500e-001 1.000000e-015 8.264938e-002 1.000000e-015 1.000000e-015 1.000000e-015 9.402651e-002 3.333333e-002 4.787016e-003 1.000000e-015 7.171620e-002 1.000000e-015 1.000000e-015 1.000000e-015 2.562213e-001 1.000000e-015 2.625485e-002 1.000000e-015 4.731800e-002 1.000000e-015 1.000000e-015 1.000000e-015 1.000000e-015 1.000000e-015 1.000000e-015 1.000000e-015 1.000000e-015 
1.000000e-015 4.166667e-003 6.009641e-004 1.139902e-001 1.000000e-015 1.314348e-001 4.302789e-003 1.032033e-001 1.000000e-015 1.000000e-015 1.000000e-015 1.271938e-001 6.337232e-003 2.072618e-003 1.000000e-015 1.134659e-001 1.000000e-015 1.000000e-015 1.000000e-015 1.167368e-001 1.000000e-015 1.014387e-001 1.000000e-015 1.212881e-001 1.000000e-015 1.000000e-015 1.000000e-015 2.103575e-002 1.000000e-015 1.000000e-015 1.000000e-015 3.273237e-002 
1.000000e-015 1.000000e-015 1.110448e-002 1.366057e-001 1.000000e-015 1.887933e-001 1.000000e-015 1.077305e-001 1.000000e-015 1.000000e-015 1.110448e-002 1.320460e-001 2.493847e-003 2.560767e-002 1.000000e-015 3.512538e-002 1.000000e-015 1.000000e-015 1.000000e-015 1.616189e-001 3.854936e-003 2.996415e-002 1.000000e-015 6.490897e-002 1.000000e-015 1.000000e-015 1.785188e-002 1.000000e-015 6.235346e-002 1.000000e-015 1.000000e-015 8.836310e-003 
5.369680e-003 1.000000e-015 1.000000e-015 7.573966e-002 2.523563e-001 6.111575e-002 4.938515e-003 4.237872e-002 7.349740e-004 1.000000e-015 4.674782e-003 4.983765e-002 9.183137e-003 2.748053e-002 1.203733e-001 2.206370e-002 4.444444e-003 1.000000e-015 4.202644e-003 7.598401e-002 4.010757e-002 1.039313e-002 3.475775e-003 5.098649e-002 1.426845e-003 1.000000e-015 8.885934e-003 1.961082e-002 1.894309e-002 1.188064e-002 5.071762e-002 2.269429e-002 
1.000000e-015 2.976190e-004 1.000000e-015 1.181098e-001 4.022554e-002 1.024611e-001 2.554488e-003 1.040147e-001 2.177097e-003 1.819382e-003 1.553602e-003 7.391032e-002 7.370520e-003 1.199056e-003 2.327029e-002 4.295507e-002 6.406447e-004 1.000000e-015 2.413027e-003 1.516261e-001 1.172283e-001 2.478256e-002 7.593512e-003 5.347919e-002 2.465705e-003 3.267967e-004 1.000000e-015 1.559296e-002 6.191634e-003 3.833817e-002 5.461247e-002 2.790449e-003 
1.000000 0.000000 0.000000 0.000000 0.000000 
0.649672 0.350328 0.000000 0.000000 0.000000 
0.000000 0.826712 0.173288 0.000000 0.000000 
0.000000 0.000000 0.904376 0.095624 0.000000 
0.000000 0.000000 0.000000 0.920434 0.079566 
0.000000 0.000000 0.000000 0.000000 1.000000 
1.000000e-015 4.761905e-003 1.666667e-002 1.215218e-001 1.000000e-015 1.541978e-001 1.000000e-015 8.131330e-002 1.000000e-015 1.000000e-015 1.000000e-015 2.185576e-001 1.000000e-015 1.000000e-015 1.000000e-015 8.373791e-002 1.000000e-015 1.000000e-015 1.000000e-015 1.662954e-001 1.000000e-015 3.446049e-002 1.000000e-015 1.042878e-001 1.000000e-015 1.000000e-015 1.000000e-015 1.000000e-015 1.000000e-015 1.000000e-015 1.000000e-015 1.419934e-002 
1.000000e-015 1.000000e-015 1.000000e-015 1.612214e-001 1.000000e-015 1.368095e-001 1.000000e-015 1.082010e-001 1.000000e-015 1.000000e-015 1.000000e-015 1.633309e-001 2.505267e-003 1.000000e-015 1.000000e-015 9.037272e-002 5.162484e-003 1.000000e-015 1.000000e-015 1.206149e-001 1.000000e-015 4.642133e-002 1.000000e-015 1.200814e-001 1.000000e-015 1.000000e-015 1.000000e-015 8.493266e-003 6.998846e-003 1.000000e-015 1.000000e-015 2.978700e-002 
1.000000e-015 1.000000e-015 1.000000e-015 8.815108e-002 1.000000e-015 9.762209e-002 1.000000e-015 1.492757e-001 4.166667e-003 4.166667e-003 1.000000e-015 1.726607e-001 1.000000e-015 3.292916e-003 1.000000e-015 1.129133e-001 1.000000e-015 1.000000e-015 1.000000e-015 1.703728e-001 5.555556e-003 4.030822e-002 2.779989e-003 9.577884e-002 1.000000e-015 1.000000e-015 8.335545e-003 2.282891e-002 4.166667e-003 8.333333e-003 1.000000e-015 9.291055e-003 
1.567567e-002 1.666667e-003 1.276409e-002 2.812953e-002 3.292756e-001 4.317492e-002 8.744043e-003 5.239988e-002 8.353827e-002 4.953947e-002 1.000000e-015 7.702302e-002 8.368230e-003 3.333333e-003 3.489647e-002 1.290010e-002 1.000000e-015 1.000000e-015 1.030127e-002 4.055904e-002 4.516645e-002 2.101539e-002 1.000000e-015 3.063121e-002 2.190918e-002 4.261074e-003 2.061211e-003 2.227611e-003 3.435467e-002 9.961443e-003 3.333333e-003 1.278878e-002 
3.170835e-003 1.153670e-003 5.952381e-004 1.013668e-001 1.487236e-002 8.186251e-002 2.824859e-004 1.098023e-001 6.861305e-002 2.226063e-002 3.070922e-004 1.164413e-001 3.039244e-003 3.758070e-002 9.512196e-003 6.105065e-002 1.000000e-015 1.430935e-003 1.000000e-015 1.502532e-001 3.576727e-003 2.644946e-002 1.000000e-015 7.125357e-002 1.824198e-002 5.847953e-004 3.026306e-004 3.289616e-002 1.499788e-003 4.977763e-002 6.520663e-003 5.301444e-003 
1.000000 0.000000 0.000000 0.000000 0.000000 
0.661187 0.338813 0.000000 0.000000 0.000000 
0.000000 0.852236 0.147764 0.000000 0.000000 
0.000000 0.000000 0.902611 0.097389 0.000000 
0.000000 0.000000 0.000000 0.927669 0.072331 
0.000000 0.000000 0.000000 0.000000 1.000000 
1.000000e-015 1.000000e-015 1.222615e-002 2.725228e-001 1.000000e-015 6.850138e-002 1.000000e-015 1.441406e-001 1.000000e-015 1.000000e-015 1.000000e-015 7.089560e-002 1.000000e-015 1.000000e-015 1.000000e-015 4.062691e-002 1.000000e-015 1.000000e-015 1.000000e-015 2.571023e-001 1.000000e-015 1.019990e-001 1.000000e-015 2.344833e-002 1.000000e-015 1.000000e-015 1.000000e-015 1.000000e-015 1.000000e-015 1.000000e-015 1.000000e-015 8.536921e-003 
1.000000e-015 1.000000e-015 1.000000e-015 3.571205e-001 1.000000e-015 5.422689e-002 4.918221e-003 1.847775e-001 1.000000e-015 1.000000e-015 1.000000e-015 1.004904e-001 1.000000e-015 1.374834e-002 1.000000e-015 3.328455e-002 1.000000e-015 1.000000e-015 1.000000e-015 1.695047e-001 1.000000e-015 1.199592e-014 9.836442e-003 4.166343e-002 1.000000e-015 1.000000e-015 1.000000e-015 1.485972e-002 1.000000e-015 1.000000e-015 1.000000e-015 1.556942e-002 
1.000000e-015 4.006641e-003 1.000000e-015 2.897649e-001 1.000000e-015 1.259249e-001 1.000000e-015 1.444209e-001 1.000000e-015 1.000000e-015 1.000000e-015 7.414937e-002 1.201992e-002 1.000000e-015 3.910799e-008 2.273541e-002 1.000000e-015 1.000000e-015 1.000000e-015 2.583054e-001 8.653129e-003 5.995240e-003 1.000000e-015 3.411334e-002 1.000000e-015 1.000000e-015 2.073874e-003 4.867815e-003 1.000000e-015 1.000000e-015 1.000000e-015 1.296904e-002 
1.000000e-015 2.781942e-003 6.472817e-003 2.332020e-001 1.000000e-015 4.447730e-002 8.954134e-003 1.157237e-001 1.000000e-015 1.097040e-003 1.511111e-002 4.869455e-002 3.226199e-002 2.282998e-002 8.736632e-002 1.650467e-002 9.804276e-002 1.000000e-015 1.000000e-015 1.207314e-001 1.000000e-015 2.174039e-002 7.855872e-002 1.824094e-002 1.000000e-015 1.000000e-015 1.873429e-002 6.897217e-003 1.000000e-015 1.000000e-015 1.000000e-015 1.576672e-003 
1.000000e-015 2.997988e-004 1.300695e-003 1.875911e-001 9.178371e-004 5.480477e-002 4.789260e-002 1.459230e-001 6.111318e-004 1.744471e-003 6.035016e-002 5.273030e-002 1.774280e-003 2.248927e-003 5.680904e-003 1.834187e-002 4.291065e-002 1.000000e-015 9.491729e-003 1.685135e-001 9.971347e-003 1.576145e-002 1.030812e-001 2.619463e-002 1.000000e-015 6.398832e-004 6.596618e-003 1.897359e-002 3.540708e-003 2.911902e-004 8.933660e-003 2.887919e-003 
1.000000 0.000000 0.000000 0.000000 0.000000 
0.781242 0.218758 0.000000 0.000000 0.000000 
0.000000 0.802206 0.197794 0.000000 0.000000 
0.000000 0.000000 0.820239 0.179761 0.000000 
0.000000 0.000000 0.000000 0.869909 0.130091 
0.000000 0.000000 0.000000 0.000000 1.000000 
1.000000e-015 1.000000e-015 5.561771e-003 3.722758e-001 1.000000e-015 3.785217e-002 1.000000e-015 2.362516e-001 1.000000e-015 1.000000e-015 8.333279e-003 5.914969e-002 1.000000e-015 5.561771e-003 8.333279e-003 3.115044e-003 1.000000e-015 1.000000e-015 1.000000e-015 2.270207e-001 1.000000e-015 9.702316e-011 1.000000e-015 1.542253e-002 1.000000e-015 1.000000e-015 1.000000e-015 1.000000e-015 4.455848e-003 1.000000e-015 1.000000e-015 1.666656e-002 
1.000000e-015 1.000000e-015 1.000000e-015 3.104606e-001 1.000000e-015 7.668003e-002 1.000000e-015 2.039871e-001 1.000000e-015 1.000000e-015 1.000000e-015 1.701242e-001 1.000000e-015 1.000000e-015 1.000000e-015 4.370712e-002 1.000000e-015 1.000000e-015 1.000000e-015 1.596289e-001 1.000000e-015 2.547697e-002 1.000000e-015 7.314231e-003 1.000000e-015 1.000000e-015 1.000000e-015 1.851858e-003 1.000000e-015 1.000000e-015 1.000000e-015 7.690232e-004 
1.000000e-015 1.000000e-015 1.000000e-015 3.647628e-001 1.000000e-015 5.086345e-002 1.000000e-015 1.993646e-001 1.000000e-015 1.000000e-015 1.000000e-015 7.151386e-002 1.000000e-015 1.000000e-015 1.000000e-015 2.341275e-002 3.021443e-002 1.000000e-015 1.000000e-015 1.096618e-001 8.333256e-003 7.671096e-002 1.000000e-015 2.102436e-002 1.000000e-015 1.000000e-015 8.333256e-003 2.801611e-002 1.000000e-015 1.000000e-015 1.000000e-015 7.788392e-003 
1.000000e-015 1.972659e-003 1.000000e-015 2.117873e-001 2.366339e-003 2.680791e-002 6.838293e-003 1.864833e-001 3.253968e-003 1.064666e-002 1.000000e-015 4.168560e-002 6.162217e-003 6.198672e-003 7.332016e-002 2.237955e-002 5.773737e-002 1.000000e-015 1.000000e-015 8.735111e-002 1.000000e-015 8.489403e-003 1.705269e-002 2.317769e-002 1.060898e-001 1.666667e-003 1.057471e-002 2.629156e-002 3.323157e-002 1.151370e-002 8.319598e-003 8.601428e-003 
6.303283e-003 1.133828e-003 1.000000e-015 2.907577e-001 1.244947e-003 3.711716e-002 9.863997e-003 1.454532e-001 9.169282e-004 1.177547e-003 3.225499e-004 7.019697e-002 6.017534e-004 1.958821e-002 3.482412e-002 2.206291e-002 7.478036e-003 3.323934e-004 1.305865e-003 1.460229e-001 1.197772e-003 1.444388e-002 9.878473e-003 1.461103e-002 4.025799e-002 1.000000e-015 8.491044e-003 7.537082e-002 2.842930e-004 1.344869e-002 1.981186e-002 5.499902e-003 
